1 1 1393 187
2 3 1957 91
3 3 299 153
4 3 1136 172
5 3 589 49
6 3 1168 259
7 1 1820 130
8 1 1388 244
9 2 1130 196
10 2 1656 170
11 1 1533 236
12 2 465 17
13 3 1315 126
14 2 337 37
15 1 1914 136
16 1 1219 40
17 1 260 144
18 1 1731 257
19 4 1286 81
20 2 1814 59
21 3 641 279
22 4 1300 286
23 3 487 164
24 1 262 78
25 2 49 109
26 2 668 258
27 1 856 55
28 4 419 74
29 2 492 95
30 3 1132 70
31 1 375 249
32 4 480 174
33 1 1921 177
34 4 1367 26
35 4 830 53
36 2 1719 74
37 2 1821 249
38 2 878 126
39 1 1971 215
40 4 1600 235
41 2 1603 282
42 1 931 52
43 3 1887 242
44 4 1910 258
45 4 936 199
46 3 362 99
47 2 1488 250
48 1 927 169
49 1 1311 257
50 2 922 292
51 2 1657 179
52 3 588 151
53 4 1600 253
54 1 194 101
55 3 797 101
56 4 1525 232
57 3 365 7
58 4 1534 245
59 2 1780 143
60 4 856 53
61 1 972 108
62 3 593 133
63 4 280 64
64 4 1595 180
65 4 1146 80
66 3 1372 245
67 4 1001 287
68 1 1652 30
69 3 897 169
70 1 728 107
71 1 1540 21
72 1 163 158
73 1 1894 258
74 4 770 189
75 2 880 142
76 3 1206 162
77 4 522 241
78 3 461 296
79 2 623 211
80 1 9 10
81 3 1145 226
82 1 422 85
83 3 72 238
84 3 1887 8
85 4 145 132
86 3 1729 100
87 3 1256 231
88 2 1568 284
89 4 361 94
90 1 305 210
91 3 1185 14
92 3 435 59
93 3 1228 202
94 2 424 110
95 4 1823 21
96 3 1196 135
97 4 264 100
98 1 1658 234
99 1 1315 86
100 1 447 179
101 1 1492 289
102 1 619 89
103 2 1130 164
104 4 460 48
105 4 1159 299
106 4 872 5
107 1 1202 37
108 4 1005 192
109 2 949 153
110 4 415 97
111 4 1540 126
112 4 1813 215
113 4 184 126
114 4 359 24
115 4 728 251
116 1 535 271
117 1 848 94
118 3 144 208
119 2 1136 12
120 4 372 295
121 3 1665 274
122 2 450 212
123 1 119 37
124 4 1336 235
125 4 1376 104
126 2 1286 246
127 2 1132 100
128 4 471 134
129 2 175 220
130 4 447 60
131 2 715 32
132 3 1320 59
133 3 1040 221
134 4 1405 299
135 4 433 192
136 3 663 294
137 4 1500 85
138 1 17 101
139 1 210 192
140 4 947 5
141 4 257 156
142 1 1948 297
143 1 844 221
144 2 156 166
145 4 854 151
146 1 572 45
147 2 1506 2
148 2 84 80
149 2 302 172
150 4 605 166
151 3 1427 132
152 3 1585 30
153 1 710 153
154 2 56 128
155 2 1187 224
156 3 1636 228
157 2 805 299
158 4 1711 31
159 2 1395 286
160 1 921 181
161 1 1974 42
162 2 783 140
163 2 1014 123
164 1 35 98
165 4 684 203
166 2 550 171
167 2 483 124
168 1 1189 216
169 3 1934 3
170 1 20 278
171 1 162 111
172 2 1886 225
173 4 832 41
174 2 386 163
175 4 1554 253
176 1 1095 104
177 3 279 14
178 3 423 219
179 3 1512 292
180 2 899 137
181 1 1069 193
182 3 1188 31
183 4 1259 111
184 2 1796 273
185 4 1967 160
186 2 178 45
187 3 737 165
188 1 2 231
189 4 561 6
190 3 371 200
191 2 1811 188
192 1 1753 41
193 3 1461 153
194 4 1797 42
195 1 1128 133
196 1 402 140
197 2 1756 270
198 2 1301 275
199 3 612 261
200 1 923 164
201 2 670 176
202 2 1273 142
203 1 1641 231
204 3 372 270
205 4 719 121
206 3 429 148
207 4 632 12
208 1 235 298
209 3 848 298
210 4 557 23
211 1 1020 176
212 4 205 284
213 3 232 173
214 1 1141 235
215 4 1065 156
216 1 1495 246
217 2 377 183
218 1 1047 195
219 4 480 202
220 1 782 60
221 4 1065 225
222 1 1183 277
223 2 1336 17
224 1 158 174
225 1 1462 72
226 4 593 149
227 4 1195 126
228 2 840 33
229 4 549 187
230 3 1857 105
231 4 145 262
232 3 421 15
233 3 1834 290
234 1 85 258
235 2 673 283
236 4 179 281
237 4 609 112
238 2 57 106
239 2 898 273
240 1 624 153
241 4 56 53
242 2 700 148
243 1 272 138
244 2 801 81
245 3 1911 153
246 4 1451 205
247 4 1853 166
248 2 1937 253
249 1 760 295
250 3 1426 280
251 2 585 124
252 4 1888 37
253 4 1397 70
254 3 911 68
255 1 1533 162
256 1 496 71
257 2 102 100
258 4 1926 20
259 2 646 84
260 2 1982 175
261 2 1078 295
262 4 792 37
263 3 1157 134
264 2 1860 229
265 2 1155 25
266 2 698 208
267 2 198 89
268 4 1819 129
269 4 1783 251
270 2 1563 99
271 1 452 187
272 3 1557 118
273 1 1265 208
274 2 1614 24
275 4 1835 70
276 3 1793 137
277 3 200 233
278 4 1403 220
279 4 1744 215
280 1 781 191
281 2 397 220
282 2 1880 2
283 3 381 124
284 1 302 125
285 4 1689 137
286 1 786 251
287 3 690 96
288 2 261 49
289 2 1576 190
290 2 1837 194
291 1 1521 254
292 1 1825 269
293 1 945 267
294 3 87 251
295 2 1363 183
296 4 1787 31
297 3 80 222
298 3 1583 164
299 4 907 217
300 2 1654 260
301 1 438 130
302 2 1590 201
303 2 407 192
304 3 375 123
305 3 1995 214
306 2 766 123
307 3 1938 279
308 1 1524 80
309 1 632 290
310 1 1726 29
311 3 1051 33
312 2 1594 24
313 3 311 195
314 2 386 57
315 3 57 132
316 3 1324 87
317 2 1165 147
318 4 793 33
319 4 1726 20
320 1 1849 36
321 2 1517 117
322 3 1217 109
323 4 947 202
324 3 1963 296
325 4 1762 150
326 2 1021 210
327 1 928 293
328 3 536 246
329 1 1637 177
330 3 1675 147
331 3 8 218
332 4 1757 139
333 4 1818 297
334 3 1850 171
335 3 220 223
336 3 1340 120
337 1 354 129
338 1 238 216
339 4 454 295
340 4 1544 184
341 3 1832 187
342 4 1561 152
343 2 905 122
344 4 1325 92
345 1 1607 172
346 3 1426 28
347 1 1921 28
348 3 56 162
349 3 46 122
350 4 1236 204
351 4 30 107
352 4 308 2
353 4 1818 91
354 2 635 136
355 2 1599 63
356 1 1780 240
357 1 384 52
358 2 1551 207
359 2 751 248
360 4 1134 258
361 3 1050 254
362 3 25 235
363 2 436 141
364 1 337 111
365 2 485 148
366 4 893 290
367 1 1481 284
368 3 318 67
369 2 978 105
370 1 53 241
371 3 1754 161
372 1 1145 141
373 4 720 136
374 2 1978 176
375 3 788 224
376 4 1853 268
377 2 1763 154
378 3 1571 128
379 4 772 151
380 3 846 297
381 2 1351 243
382 4 1353 19
383 2 113 120
384 3 362 101
385 2 1475 228
386 3 2 132
387 4 1252 241
388 4 1887 217
389 3 222 246
390 3 1519 183
391 1 260 174
392 3 208 53
393 1 223 169
394 4 1027 166
395 3 172 203
396 2 109 243
397 1 300 202
398 1 1567 110
399 4 1602 24
400 1 1129 115
401 1 129 119
402 3 935 236
403 1 1657 197
404 1 507 6
405 1 677 68
406 3 1955 160
407 4 708 152
408 1 1316 233
409 4 606 222
410 2 1122 158
411 4 1630 60
412 1 1877 100
413 3 24 76
414 4 1890 77
415 3 1996 21
416 4 924 166
417 1 279 145
418 4 709 91
419 4 188 225
420 1 1175 203
421 1 1998 8
422 1 1779 194
423 4 1889 234
424 3 1892 53
425 2 792 141
426 4 799 102
427 3 1678 182
428 3 344 62
429 2 1527 177
430 4 132 128
431 4 275 283
432 2 119 141
433 4 1792 244
434 3 1256 279
435 1 657 190
436 2 518 57
437 1 478 214
438 2 1775 268
439 3 220 263
440 2 416 202
441 2 15 29
442 4 999 221
443 1 1036 89
444 2 77 171
445 2 1345 164
446 1 46 284
447 3 110 109
448 2 899 285
449 4 1537 10
450 1 1958 115
451 2 1972 225
452 2 203 227
453 4 758 227
454 3 1270 29
455 1 982 106
456 4 413 172
457 2 228 51
458 2 308 213
459 2 393 252
460 4 1076 275
461 3 1556 140
462 3 318 149
463 2 1981 125
464 4 485 262
465 2 699 23
466 4 933 137
467 2 1427 241
468 3 1747 219
469 1 1028 7
470 3 1782 231
471 4 1835 286
472 1 825 139
473 2 703 165
474 3 1594 27
475 1 1439 229
476 4 1927 213
477 3 668 170
478 3 1862 30
479 1 1596 139
480 4 1984 297
481 2 782 14
482 2 1840 156
483 1 396 296
484 4 1320 298
485 3 1340 152
486 4 1832 16
487 4 1915 104
488 2 1271 98
489 1 1987 38
490 1 1717 165
491 1 1215 61
492 4 498 13
493 3 1200 11
494 2 1354 213
495 4 1288 239
496 4 1062 58
497 1 28 11
498 2 1970 258
499 1 806 257
500 4 1639 158
501 4 655 89
502 3 202 77
503 1 1272 210
504 1 965 141
505 2 27 124
506 4 824 256
507 2 1448 119
508 3 575 266
509 1 429 299
510 1 102 100
511 1 171 220
512 1 1950 152
513 1 1095 123
514 3 17 260
515 4 1054 171
516 1 478 243
517 3 1732 131
518 4 1045 109
519 3 87 59
520 2 1524 240
521 4 587 141
522 2 1153 99
523 4 1120 168
524 3 590 199
525 4 321 219
526 1 1282 43
527 1 1995 108
528 4 348 142
529 2 1016 98
530 3 86 122
531 1 1481 47
532 2 1842 51
533 3 1538 293
534 3 1845 299
535 2 1494 292
536 4 484 40
537 4 1392 58
538 1 188 268
539 3 881 190
540 1 332 235
541 1 1302 130
542 2 732 123
543 1 888 146
544 2 762 165
545 3 1131 229
546 1 79 156
547 3 454 211
548 2 1677 204
549 3 335 210
550 1 1431 37
551 3 241 177
552 3 1233 258
553 4 1877 105
554 1 1047 37
555 3 1744 139
556 2 376 71
557 1 1105 22
558 4 721 268
559 1 905 266
560 1 450 228
561 4 536 85
562 1 7 260
563 3 125 200
564 3 1653 244
565 1 1575 189
566 1 934 296
567 3 1484 63
568 2 1921 130
569 3 1035 291
570 2 630 20
571 1 21 161
572 3 1931 223
573 4 1481 288
574 2 792 211
575 3 1999 22
576 2 1774 101
577 1 947 253
578 3 1020 246
579 3 933 243
580 1 138 36
581 4 1909 53
582 1 989 226
583 2 409 254
584 3 455 275
585 2 1676 141
586 4 1233 162
587 1 260 45
588 1 1673 136
589 4 1732 289
590 1 1881 276
591 1 331 125
592 3 695 85
593 1 1197 143
594 2 431 76
595 3 4 284
596 2 1617 275
597 4 294 123
598 1 1137 14
599 4 421 159
600 2 367 239
601 4 957 110
602 2 989 193
603 3 1205 234
604 4 270 248
605 4 269 193
606 3 1035 193
607 3 1297 83
608 2 1706 132
609 1 1985 11
610 3 849 218
611 3 1104 253
612 4 789 16
613 4 1076 182
614 4 1368 138
615 2 1629 96
616 3 782 193
617 4 1473 127
618 4 275 61
619 2 191 247
620 3 1317 94
621 3 1174 146
622 3 289 77
623 2 615 28
624 3 1687 80
625 2 1418 80
626 3 1979 206
627 4 1729 290
628 3 1911 246
629 3 1259 31
630 1 257 153
631 4 1855 132
632 3 956 254
633 1 56 63
634 4 1212 84
635 3 882 131
636 1 1992 117
637 3 1509 240
638 3 749 42
639 3 925 134
640 4 569 273
641 4 1573 58
642 3 857 197
643 3 1684 277
644 3 1374 11
645 2 121 297
646 3 604 30
647 4 1467 115
648 1 1345 157
649 4 180 149
650 4 1945 238
651 4 1430 237
652 1 1860 57
653 1 1681 86
654 4 744 108
655 4 429 187
656 2 100 99
657 3 1692 196
658 1 467 30
659 3 165 4
660 3 1667 170
661 4 1141 153
662 4 1920 44
663 3 1823 230
664 4 1830 298
665 3 1690 286
666 1 937 254
667 3 1419 279
668 3 1545 172
669 4 273 1
670 1 937 101
671 1 960 215
672 3 838 277
673 4 1373 120
674 4 1430 188
675 2 1845 264
676 2 692 257
677 4 1985 119
678 3 623 191
679 4 307 53
680 4 1718 112
681 1 1116 238
682 1 1060 16
683 1 1610 176
684 2 1075 201
685 1 662 129
686 4 1823 179
687 1 1635 199
688 1 420 91
689 3 1598 255
690 2 1823 260
691 2 178 173
692 3 785 50
693 2 1638 56
694 4 514 227
695 1 335 236
696 4 1980 280
697 3 402 227
698 4 791 77
699 1 600 124
700 2 1215 61
701 4 1254 208
702 4 721 152
703 2 30 85
704 2 1351 1
705 4 1957 154
706 2 433 221
707 1 1455 248
708 1 1453 102
709 1 92 106
710 2 1220 132
711 2 631 21
712 1 446 72
713 4 849 41
714 4 1400 160
715 3 1812 186
716 3 1541 48
717 4 412 162
718 3 5 1
719 1 611 105
720 1 1651 239
721 4 1300 171
722 2 692 243
723 3 1504 135
724 3 434 136
725 3 387 279
726 1 592 93
727 3 361 260
728 1 486 255
729 4 960 225
730 4 837 56
731 3 846 80
732 3 1490 24
733 4 1458 224
734 1 1143 64
735 4 1178 187
736 3 1452 15
737 1 1682 168
738 3 579 22
739 1 1533 15
740 3 1821 113
741 3 1437 180
742 1 1843 248
743 3 266 92
744 3 240 30
745 1 363 74
746 1 703 291
747 2 1375 271
748 3 1355 65
749 4 769 154
750 1 314 101
751 1 1414 216
752 1 281 279
753 1 1759 179
754 1 1786 25
755 3 643 159
756 1 1084 54
757 3 1719 64
758 3 1467 32
759 2 829 238
760 1 1222 186
761 3 495 175
762 1 1689 188
763 1 804 277
764 4 729 22
765 2 1671 267
766 2 112 137
767 1 1235 160
768 3 966 216
769 4 1101 28
770 4 40 283
771 2 581 34
772 3 1396 234
773 1 1841 240
774 3 1088 5
775 4 685 14
776 4 832 215
777 3 995 50
778 2 527 24
779 3 1347 123
780 4 1240 116
781 1 132 289
782 2 1924 218
783 1 1752 269
784 3 501 158
785 1 546 282
786 2 1419 263
787 1 1868 186
788 1 762 69
789 4 733 19
790 3 644 135
791 3 258 19
792 4 1878 49
793 2 956 41
794 2 1527 199
795 2 385 224
796 4 1664 148
797 1 413 215
798 4 1198 35
799 1 1647 23
800 1 778 247
801 3 887 300
802 4 1476 287
803 2 900 44
804 4 1793 115
805 4 1821 91
806 4 1760 290
807 2 1363 21
808 2 1849 103
809 4 727 244
810 2 1044 62
811 2 834 83
812 4 337 153
813 1 38 165
814 1 1960 262
815 2 1955 296
816 3 548 213
817 3 1648 188
818 2 1497 144
819 2 362 166
820 3 1525 139
821 3 1039 200
822 2 161 216
823 1 1358 32
824 1 240 93
825 1 1667 52
826 1 525 67
827 3 1232 75
828 3 1622 187
829 4 851 9
830 3 917 114
831 2 700 268
832 4 1338 262
833 4 1542 45
834 3 78 191
835 2 60 224
836 2 1386 133
837 4 1091 232
838 4 1658 252
839 4 1277 228
840 3 1110 224
841 4 1185 37
842 4 521 227
843 3 422 66
844 3 224 196
845 4 363 5
846 1 112 96
847 3 211 128
848 2 1831 155
849 1 1233 216
850 2 1299 107
851 2 1411 74
852 1 49 65
853 4 368 83
854 4 682 267
855 3 379 89
856 4 1123 153
857 1 429 92
858 2 928 294
859 2 706 195
860 4 488 121
861 4 74 64
862 3 70 193
863 3 1286 130
864 4 1044 88
865 4 225 176
866 2 265 296
867 2 1555 260
868 1 99 42
869 1 776 202
870 4 1313 62
871 1 376 85
872 4 1177 94
873 2 1780 283
874 2 322 60
875 4 1890 210
876 1 1175 231
877 4 868 11
878 1 1326 274
879 3 1737 270
880 1 1482 183
881 4 357 111
882 3 561 201
883 1 220 13
884 1 1637 228
885 3 1168 41
886 1 883 262
887 2 1979 275
888 1 1809 82
889 1 11 297
890 1 778 214
891 1 119 299
892 2 1590 53
893 1 1746 31
894 1 1484 123
895 4 443 15
896 4 975 74
897 1 1261 236
898 4 1066 219
899 1 1022 205
900 4 1644 125
901 4 1135 95
902 4 615 6
903 2 815 61
904 4 863 22
905 4 793 202
906 3 1146 39
907 2 363 38
908 2 555 287
909 4 338 98
910 1 1775 191
911 2 645 190
912 3 825 261
913 1 1716 34
914 2 1715 247
915 4 1216 210
916 2 430 271
917 4 853 199
918 3 416 72
919 4 498 135
920 4 366 144
921 4 245 4
922 2 433 166
923 4 294 159
924 3 843 67
925 4 1817 219
926 4 3 23
927 1 550 63
928 2 1391 274
929 3 1615 132
930 3 1882 294
931 1 1546 1
932 2 1886 92
933 4 1053 195
934 2 12 37
935 4 387 145
936 1 1493 26
937 1 1459 92
938 3 205 242
939 2 1502 17
940 1 1974 97
941 1 337 17
942 3 520 50
943 2 522 151
944 1 293 156
945 4 1824 286
946 2 695 111
947 4 524 69
948 2 37 94
949 3 157 115
950 4 466 148
951 4 900 111
952 4 448 233
953 2 1181 154
954 1 146 261
955 1 440 217
956 3 1873 58
957 2 1812 197
958 3 1896 11
959 4 1283 148
960 3 806 184
961 1 856 173
962 2 1931 81
963 2 609 108
964 1 1354 213
965 3 386 175
966 1 643 194
967 3 1683 186
968 3 971 270
969 4 1107 120
970 2 1138 54
971 1 252 244
972 2 1106 210
973 1 1878 296
974 4 687 137
975 1 1538 254
976 3 24 90
977 2 558 237
978 1 523 121
979 1 249 171
980 4 159 88
981 2 1218 285
982 1 1106 133
983 4 858 121
984 3 809 197
985 2 1227 213
986 1 1995 279
987 4 726 114
988 2 1399 265
989 1 1499 270
990 2 1910 121
991 4 1195 230
992 2 422 265
993 2 522 254
994 1 80 81
995 1 724 110
996 4 1200 119
997 1 878 210
998 3 785 19
999 1 1092 287
1000 1 643 197
